    Function              h           Exact  Forward_approx  Forward_error  Backward_approx  Backward_error  Central_approx  Central_error  Richardson_approx  Richardson_error
         e^x 1.00000000e-01  2.71828183e+00  2.85884195e+00 1.40560126e-01   2.58678717e+00  1.31494655e-01  2.72281456e+00 4.53273549e-03     2.71828126e+00    5.66477279e-07
         e^x 1.00000000e-02  2.71828183e+00  2.73191866e+00 1.36368273e-02   2.70473561e+00  1.35462175e-02  2.71832713e+00 4.53049237e-05     2.71828183e+00    5.66910963e-11
         e^x 1.00000000e-03  2.71828183e+00  2.71964142e+00 1.35959407e-03   2.71692314e+00  1.35868798e-03  2.71828228e+00 4.53046679e-07     2.71828183e+00    4.02344824e-13
         e^x 1.00000000e-04  2.71828183e+00  2.71841775e+00 1.35918624e-04   2.71814592e+00  1.35909563e-04  2.71828183e+00 4.53056570e-09     2.71828183e+00    8.55759907e-13
         e^x 1.00000000e-05  2.71828183e+00  2.71829542e+00 1.35914977e-05   2.71826824e+00  1.35913805e-05  2.71828183e+00 5.85869131e-11     2.71828183e+00    5.85869131e-11
         e^x 1.00000000e-06  2.71828183e+00  2.71828319e+00 1.35897157e-06   2.71828047e+00  1.35929848e-06  2.71828183e+00 1.63457248e-10     2.71828183e+00    1.32602374e-10
         e^x 1.00000000e-07  2.71828183e+00  2.71828197e+00 1.39946688e-07   2.71828169e+00  1.39829514e-07  2.71828183e+00 5.85873572e-11     2.71828183e+00    2.90200752e-09
         e^x 1.00000000e-08  2.71828183e+00  2.71828182e+00 6.60275079e-09   2.71828182e+00  6.60275079e-09  2.71828182e+00 6.60275079e-09     2.71828182e+00    6.60275079e-09
         e^x 1.00000000e-09  2.71828183e+00  2.71828204e+00 2.15441854e-07   2.71828160e+00  2.28647356e-07  2.71828182e+00 6.60275079e-09     2.71828212e+00    2.89456723e-07
         e^x 1.00000000e-10  2.71828183e+00  2.71828338e+00 1.54770948e-06   2.71827894e+00  2.89318261e-06  2.71828116e+00 6.72736566e-07     2.71828412e+00    2.28785817e-06
         e^x 1.00000000e-11  2.71828183e+00  2.71831446e+00 3.26339542e-05   2.71827005e+00  1.17749668e-05  2.71829226e+00 1.04294937e-05     2.71826265e+00    1.91764536e-05
         e^x 1.00000000e-12  2.71828183e+00  2.71871414e+00 4.32314243e-04   2.71827005e+00  1.17749668e-05  2.71849210e+00 2.10269638e-04     2.71819604e+00    8.57898351e-05
      sin(x) 1.00000000e-01  5.40302306e-01  4.97363753e-01 4.29385533e-02   5.81440752e-01  4.11384459e-02  5.39402252e-01 9.00053698e-04     5.40302193e-01    1.12529484e-07
      sin(x) 1.00000000e-02  5.40302306e-01  5.36085981e-01 4.21632486e-03   5.44500621e-01  4.19831487e-03  5.40293301e-01 9.00499341e-06     5.40302306e-01    1.12759801e-11
      sin(x) 1.00000000e-03  5.40302306e-01  5.39881480e-01 4.20825508e-04   5.40722951e-01  4.20645407e-04  5.40302216e-01 9.00503947e-08     5.40302306e-01    1.68753900e-14
      sin(x) 1.00000000e-04  5.40302306e-01  5.40260231e-01 4.20744495e-05   5.40344379e-01  4.20726487e-05  5.40302305e-01 9.00429509e-10     5.40302306e-01    1.07158726e-12
      sin(x) 1.00000000e-05  5.40302306e-01  5.40298099e-01 4.20736228e-06   5.40306513e-01  4.20733999e-06  5.40302306e-01 1.11408660e-11     5.40302306e-01    1.10635945e-11
      sin(x) 1.00000000e-06  5.40302306e-01  5.40301885e-01 4.20746809e-07   5.40302727e-01  4.20802243e-07  5.40302306e-01 2.77169399e-11     5.40302306e-01    2.77169399e-11
      sin(x) 1.00000000e-07  5.40302306e-01  5.40302264e-01 4.18276911e-08   5.40302347e-01  4.14390358e-08  5.40302306e-01 1.94327665e-10     5.40302306e-01    5.45821055e-10
      sin(x) 1.00000000e-08  5.40302306e-01  5.40302292e-01 1.40721155e-08   5.40302314e-01  8.13234502e-09  5.40302303e-01 2.96988523e-09     5.40302288e-01    1.77728589e-08
      sin(x) 1.00000000e-09  5.40302306e-01  5.40302358e-01 5.25412660e-08   5.40302247e-01  5.84810365e-08  5.40302303e-01 2.96988523e-09     5.40302377e-01    7.10449831e-08
      sin(x) 1.00000000e-10  5.40302306e-01  5.40302247e-01 5.84810365e-08   5.40302247e-01  5.84810365e-08  5.40302247e-01 5.84810365e-08     5.40303728e-01    1.42181633e-06
      sin(x) 1.00000000e-11  5.40302306e-01  5.40301137e-01 1.16870406e-06   5.40301137e-01  1.16870406e-06  5.40301137e-01 1.16870406e-06     5.40301137e-01    1.16870406e-06
      sin(x) 1.00000000e-12  5.40302306e-01  5.40345546e-01 4.32402169e-05   5.40234524e-01  6.77820855e-05  5.40290035e-01 1.22709343e-05     5.40364050e-01    6.17439340e-05
      cos(x) 1.00000000e-01 -8.41470985e-01 -8.67061844e-01 2.55908596e-02  -8.13076624e-01  2.83943608e-02 -8.40069234e-01 1.40175058e-03    -8.41470810e-01    1.75254287e-07
      cos(x) 1.00000000e-02 -8.41470985e-01 -8.44158449e-01 2.68746457e-03  -8.38755471e-01  2.71551346e-03 -8.41456960e-01 1.40244463e-05    -8.41470985e-01    1.75418569e-11
      cos(x) 1.00000000e-03 -8.41470985e-01 -8.41740996e-01 2.70010885e-04  -8.41200693e-01  2.70291376e-04 -8.41470845e-01 1.40245188e-07    -8.41470985e-01    1.13353771e-13
      cos(x) 1.00000000e-04 -8.41470985e-01 -8.41497999e-01 2.70137137e-05  -8.41443968e-01  2.70165188e-05 -8.41470983e-01 1.40252854e-09    -8.41470985e-01    1.53355106e-12
      cos(x) 1.00000000e-05 -8.41470985e-01 -8.41473686e-01 2.70151148e-06  -8.41468283e-01  2.70153320e-06 -8.41470985e-01 1.08640874e-11    -8.41470985e-01    1.13403731e-11
      cos(x) 1.00000000e-06 -8.41470985e-01 -8.41471255e-01 2.70089745e-07  -8.41470715e-01  2.70144779e-07 -8.41470985e-01 2.75173218e-11    -8.41470985e-01    2.75173218e-11
      cos(x) 1.00000000e-07 -8.41470985e-01 -8.41471013e-01 2.80611252e-08  -8.41470956e-01  2.85602491e-08 -8.41470985e-01 2.49561927e-10    -8.41470984e-01    9.89710647e-10
      cos(x) 1.00000000e-08 -8.41470985e-01 -8.41470993e-01 8.07711076e-09  -8.41470982e-01  3.02511949e-09 -8.41470987e-01 2.52599563e-09    -8.41470965e-01    1.96784649e-08
      cos(x) 1.00000000e-09 -8.41470985e-01 -8.41471115e-01 1.30201643e-07  -8.41470893e-01  9.18429615e-08 -8.41471004e-01 1.91793410e-08    -8.41471004e-01    1.91793410e-08
      cos(x) 1.00000000e-10 -8.41470985e-01 -8.41471337e-01 3.52246248e-07  -8.41470227e-01  7.57976776e-07 -8.41470782e-01 2.02865264e-07    -8.41470042e-01    9.43013947e-07
      cos(x) 1.00000000e-11 -8.41470985e-01 -8.41482439e-01 1.14544765e-05  -8.41460235e-01  1.07499840e-05 -8.41471337e-01 3.52246248e-07    -8.41471337e-01    3.52246248e-07
      cos(x) 1.00000000e-12 -8.41470985e-01 -8.41549053e-01 7.80678580e-05  -8.41438030e-01  3.29544445e-05 -8.41493542e-01 2.25567067e-05    -8.41567556e-01    9.65715750e-05
x^3 - 2x + 1 1.00000000e-01  1.00000000e+00  1.31000000e+00 3.10000000e-01   7.10000000e-01  2.90000000e-01  1.01000000e+00 1.00000000e-02     1.00000000e+00    1.99840144e-15
x^3 - 2x + 1 1.00000000e-02  1.00000000e+00  1.03010000e+00 3.01000000e-02   9.70100000e-01  2.99000000e-02  1.00010000e+00 1.00000000e-04     1.00000000e+00    2.49800181e-14
x^3 - 2x + 1 1.00000000e-03  1.00000000e+00  1.00300100e+00 3.00100000e-03   9.97001000e-01  2.99900000e-03  1.00000100e+00 9.99999973e-07     1.00000000e+00    4.06230605e-13
x^3 - 2x + 1 1.00000000e-04  1.00000000e+00  1.00030001e+00 3.00009999e-04   9.99700010e-01  2.99990000e-04  1.00000001e+00 9.99966865e-09     1.00000000e+00    2.60014232e-13
x^3 - 2x + 1 1.00000000e-05  1.00000000e+00  1.00003000e+00 3.00000979e-05   9.99970000e-01  2.99999071e-05  1.00000000e+00 9.53690460e-11     1.00000000e+00    3.61570773e-11
x^3 - 2x + 1 1.00000000e-06  1.00000000e+00  1.00000300e+00 2.99996239e-06   9.99997000e-01  3.00012692e-06  1.00000000e+00 8.22666379e-11     1.00000000e+00    2.13792761e-10
x^3 - 2x + 1 1.00000000e-07  1.00000000e+00  1.00000030e+00 3.00344084e-07   9.99999701e-01  2.99176349e-07  1.00000000e+00 5.83867177e-10     1.00000000e+00    5.83867177e-10
x^3 - 2x + 1 1.00000000e-08  1.00000000e+00  1.00000002e+00 1.61269895e-08   9.99999972e-01  2.82819315e-08  9.99999994e-01 6.07747097e-09     9.99999994e-01    6.07747097e-09
x^3 - 2x + 1 1.00000000e-09  1.00000000e+00  1.00000008e+00 8.27403710e-08   1.00000008e+00  8.27403710e-08  1.00000008e+00 8.27403710e-08     1.00000008e+00    8.27403710e-08
x^3 - 2x + 1 1.00000000e-10  1.00000000e+00  1.00000008e+00 8.27403710e-08   1.00000008e+00  8.27403710e-08  1.00000008e+00 8.27403710e-08     1.00000008e+00    8.27403710e-08
x^3 - 2x + 1 1.00000000e-11  1.00000000e+00  1.00000008e+00 8.27403710e-08   1.00000008e+00  8.27403710e-08  1.00000008e+00 8.27403710e-08     1.00000008e+00    8.27403710e-08
x^3 - 2x + 1 1.00000000e-12  1.00000000e+00  1.00008890e+00 8.89005823e-05   1.00008890e+00  8.89005823e-05  1.00008890e+00 8.89005823e-05     1.00008890e+00    8.89005823e-05