Function                       h         ExactForward_approx Forward_errorBackward_approxBackward_errorCentral_approx Central_errorRichardson_approxRichardson_error
e^x               1.00000000e-01  2.71828183e+00  2.85884195e+00  1.40560126e-01  2.58678717e+00  1.31494655e-01  2.72281456e+00  4.53273549e-03  2.71828126e+00  5.66477279e-07
e^x               1.00000000e-02  2.71828183e+00  2.73191866e+00  1.36368273e-02  2.70473561e+00  1.35462175e-02  2.71832713e+00  4.53049237e-05  2.71828183e+00  5.66910963e-11
e^x               1.00000000e-03  2.71828183e+00  2.71964142e+00  1.35959407e-03  2.71692314e+00  1.35868798e-03  2.71828228e+00  4.53046679e-07  2.71828183e+00  4.02344824e-13
e^x               1.00000000e-04  2.71828183e+00  2.71841775e+00  1.35918624e-04  2.71814592e+00  1.35909563e-04  2.71828183e+00  4.53056570e-09  2.71828183e+00  8.55759907e-13
sin(x)            1.00000000e-01  5.40302306e-01  4.97363753e-01  4.29385533e-02  5.81440752e-01  4.11384459e-02  5.39402252e-01  9.00053698e-04  5.40302193e-01  1.12529484e-07
sin(x)            1.00000000e-02  5.40302306e-01  5.36085981e-01  4.21632486e-03  5.44500621e-01  4.19831487e-03  5.40293301e-01  9.00499341e-06  5.40302306e-01  1.12759801e-11
sin(x)            1.00000000e-03  5.40302306e-01  5.39881480e-01  4.20825508e-04  5.40722951e-01  4.20645407e-04  5.40302216e-01  9.00503947e-08  5.40302306e-01  1.68753900e-14
sin(x)            1.00000000e-04  5.40302306e-01  5.40260231e-01  4.20744495e-05  5.40344379e-01  4.20726487e-05  5.40302305e-01  9.00429509e-10  5.40302306e-01  1.07158726e-12
cos(x)            1.00000000e-01 -8.41470985e-01 -8.67061844e-01  2.55908596e-02 -8.13076624e-01  2.83943608e-02 -8.40069234e-01  1.40175058e-03 -8.41470810e-01  1.75254287e-07
cos(x)            1.00000000e-02 -8.41470985e-01 -8.44158449e-01  2.68746457e-03 -8.38755471e-01  2.71551346e-03 -8.41456960e-01  1.40244463e-05 -8.41470985e-01  1.75418569e-11
cos(x)            1.00000000e-03 -8.41470985e-01 -8.41740996e-01  2.70010885e-04 -8.41200693e-01  2.70291376e-04 -8.41470845e-01  1.40245188e-07 -8.41470985e-01  1.13353771e-13
cos(x)            1.00000000e-04 -8.41470985e-01 -8.41497999e-01  2.70137137e-05 -8.41443968e-01  2.70165188e-05 -8.41470983e-01  1.40252854e-09 -8.41470985e-01  1.53355106e-12
x^3-2x+1          1.00000000e-01  1.00000000e+00  1.31000000e+00  3.10000000e-01  7.10000000e-01  2.90000000e-01  1.01000000e+00  1.00000000e-02  1.00000000e+00  7.77156117e-16
x^3-2x+1          1.00000000e-02  1.00000000e+00  1.03010000e+00  3.01000000e-02  9.70100000e-01  2.99000000e-02  1.00010000e+00  1.00000000e-04  1.00000000e+00  2.30926389e-14
x^3-2x+1          1.00000000e-03  1.00000000e+00  1.00300100e+00  3.00100000e-03  9.97001000e-01  2.99900000e-03  1.00000100e+00  9.99999917e-07  1.00000000e+00  2.39697151e-13
x^3-2x+1          1.00000000e-04  1.00000000e+00  1.00030001e+00  3.00009999e-04  9.99700010e-01  2.99990000e-04  1.00000001e+00  9.99966865e-09  1.00000000e+00  2.60014232e-13
