277537769436289608091763883025237561997675496775477964104700158978887633405921087529897345199971337454114698972921754939083559403482371938924098473643404814668542116139223312251336379084048694861045510311468763017417372846332447521440346979740302727424764083465544435981943143891440948090658603285201551360.000000
-594540790840033661754924554676000088563770366915627772993971269038520509347137325644204906499738064134238899727260715178825819581229002951007099628571923502565174771453173625381926348414898806195462424737696703507738398721747189887341830915529684851325969825672256233584125976770973341106833498767011872768.000000
829259052332428015240275609813219226340929687339683802768429920332932880581081805448325436803049539271862217468250381374822386816756988695995304966779106940254070104214534582328518750539670047483953865804737817636794921529765919522145632636537024374532514492406290364310132335267579009229782586521783631872.000000
-inf
-581836690981221739670531159211121903192180120037601113405177610188874699402240685463731585293328639983408236280780061292091088761263900871262406965782906165519396178559018217104702074023906975444277241405323321003424047180475460008474189730833902203235948300550557633925436661188573831922393287468716654592.000000
417150280630342089569206535042653890037884832438126613555118710349101054652768177622445013181239509282307583285909865938860053968370292805330773152424723081188313796082709361885019618661362645363596540993338932450035019369462918112788031296238544516203430972264795755066534217881640161287381824573336977408.000000
-194730050804903785246343653674852897183516645639137804679617971088499104989067472265029905139119060518173071655945901858892269763604381709040357281832008203633527514458701960812876547343827418880032377870013316988090427921815616076178104316970875803289319934496642637664351033127129392904974687090038013952.000000
417150280630342089569206535042653890037884832438126613555118710349101054652768177622445013181239509282307583285909865938860053968370292805330773152424723081188313796082709361885019618661362645363596540993338932450035019369462918112788031296238544516203430972264795755066534217881640161287381824573336977408.000000
-893618424407505495329024947124190570133230714639868685940839387579925860612461831587255752448952078924029119574082160829654087087768576822055990302469959618186422009323207286327279943691811206791562190253603838914164097445269621161191408791056386605671656259686403565082041814811365464008908681404309569536.000000
1246409282624761154654052976757363061789879906203530051996812982415332098752606351962092713277929708727741832418809010055135964299736486176702464778249914526532590140414985620347779433135704344991572538556967627594285960812237574299492550756301874746686161031568064470166837409247308401111361860464671719424.000000
-1376093077707855091231829620843851404284913575927637333073304441818419382570519774803813012133645245711792440746276798253313180676637959270896017789195639728301112147975478551034774921874028486506031469808627787536429114098670173614881696670783865248042106567319038794482843020623200413394091175965974593536.000000
1246409282624760998729028794357377776135761700200517077977183260895211668866103036554913661015112069277900778306644862450257304597197795241355746935000409781284793399412530907847336233832135867058938050716109253949492465144743512320522983949983875614744343184064614664923016559578867647802104420594045943808.000000
-893618424407505495329024947124190570133230714639868685940839387579925860612461831587255752448952078924029119574082160829654087087768576822055990302469959618186422009323207286327279943691811206791562190253603838914164097445269621161191408791056386605671656259686403565082041814811365464008908681404309569536.000000
417150280630342089569206535042653890037884832438126613555118710349101054652768177622445013181239509282307583285909865938860053968370292805330773152424723081188313796082709361885019618661362645363596540993338932450035019369462918112788031296238544516203430972264795755066534217881640161287381824573336977408.000000
-581836690981221739670531159211121903192180120037601113405177610188874699402240685463731585293328639983408236280780061292091088761263900871262406965782906165519396178559018217104702074023906975444277241405323321003424047180475460008474189730833902203235948300550557633925436661188573831922393287468716654592.000000
1246409282624760998729028794357377776135761700200517077977183260895211668866103036554913661015112069277900778306644862450257304597197795241355746935000409781284793399412530907847336233832135867058938050716109253949492465144743512320522983949983875614744343184064614664923016559578867647802104420594045943808.000000
-1738478122535706542016957285817599590771281895312849692574742989844137667328007372953110607149436600981358441863549700258819975863947298488357227747264813774827002963857966170625649044503559011604970009478974391119085106015445458440458560412154330400529152973827209194507411963302229276796738942973077618688.000000
1919359694547692845308737331358032533653176382279780810194148769816511632756555950089864953939023592622820178916650301760998677603850382069956359630647548723348281120145664654329728922620832559344702718868265988710928604615872959742020927944730210591408528501873957119342930618971892247113191828589056622592.000000
-1738478122535706542016957285817599590771281895312849692574742989844137667328007372953110607149436600981358441863549700258819975863947298488357227747264813774827002963857966170625649044503559011604970009478974391119085106015445458440458560412154330400529152973827209194507411963302229276796738942973077618688.000000
1246409282624760998729028794357377776135761700200517077977183260895211668866103036554913661015112069277900778306644862450257304597197795241355746935000409781284793399412530907847336233832135867058938050716109253949492465144743512320522983949983875614744343184064614664923016559578867647802104420594045943808.000000
-581836690981221739670531159211121903192180120037601113405177610188874699402240685463731585293328639983408236280780061292091088761263900871262406965782906165519396178559018217104702074023906975444277241405323321003424047180475460008474189730833902203235948300550557633925436661188573831922393287468716654592.000000
642374415009189518381451128551306826921458995680744995208057063895936119996982885371469122918642244426652387258322748634565039442865811887812829541201611864770984992728973423760232257313450050649974247251826053169602063400424200911803224465149979884601488698588589898638758258870315870507191794199282319360.000000
-1376093077707855403081877985643821975593149987933663281112563884858660242343526405618171116659280524611474548970605093463070500081715341141589453475694649218796705629980387976035661320481165442371300445490344534826016105433658297572820830283419863511925742262325938404970484719960081920012606055707226144768.000000
1919359694547692845308737331358032533653176382279780810194148769816511632756555950089864953939023592622820178916650301760998677603850382069956359630647548723348281120145664654329728922620832559344702718868265988710928604615872959742020927944730210591408528501873957119342930618971892247113191828589056622592.000000
-2119061232291780184576153423897451954644270711974736880548972261260667833398617814499508191008977382479062994836033143505525600926745649142721541763780006040921384750929682527582744680629882357748724569143634467360542293462282890223921718107347145543657674568077064835887917458074861617751027800500099612672.000000
1919359694547692533458688966558061962344939970273754862154889326776270772983549319275506849413388313723138070692322006551241358198773000199262923944148539232852687638140755229328842524013695603479433743186549241421341613280884835784081794332094212327524892806867057508855288919635010740494676948847805071360.000000
-1376093077707855403081877985643821975593149987933663281112563884858660242343526405618171116659280524611474548970605093463070500081715341141589453475694649218796705629980387976035661320481165442371300445490344534826016105433658297572820830283419863511925742262325938404970484719960081920012606055707226144768.000000
642374415009189596343963219751299469748518098682251482217871924655996334940234543075058649050051064151572914314404822437004369294135157355486188462826364237394883363230200780010453856965234289616291491172255239991998811234171231901288007868308979450572397622340314801260668683704536247161820514134595207168.000000
-581836690981221817633043250411114546019239223039107600414992470948934914345492343167321111424737459708328763336862135094530418612533246338935765887407658538143294549060245573354923673675691214410594485325752507825820795014222490997958973133992901769206857224302282536547347086022794208577022007404029542400.000000
1246409282624761154654052976757363061789879906203530051996812982415332098752606351962092713277929708727741832418809010055135964299736486176702464778249914526532590140414985620347779433135704344991572538556967627594285960812237574299492550756301874746686161031568064470166837409247308401111361860464671719424.000000
-1738478122535706853867005650617570162079518307318875640614002432884378527101014003767468711675071879881040550087877995468577295269024680359050663433763823265322596445862875595626535443110695967470238985160691138408672097350433582398397694024790328664412788668834108804995053662639110783415253822714329169920.000000
1919359694547692845308737331358032533653176382279780810194148769816511632756555950089864953939023592622820178916650301760998677603850382069956359630647548723348281120145664654329728922620832559344702718868265988710928604615872959742020927944730210591408528501873957119342930618971892247113191828589056622592.000000
-1738478122535706542016957285817599590771281895312849692574742989844137667328007372953110607149436600981358441863549700258819975863947298488357227747264813774827002963857966170625649044503559011604970009478974391119085106015445458440458560412154330400529152973827209194507411963302229276796738942973077618688.000000
1246409282624760998729028794357377776135761700200517077977183260895211668866103036554913661015112069277900778306644862450257304597197795241355746935000409781284793399412530907847336233832135867058938050716109253949492465144743512320522983949983875614744343184064614664923016559578867647802104420594045943808.000000
-581836690981221583745506976811136617538061914034588139385547888668754269515737370056552533030511000533567182168615913687212429058725209935915689122533401420271599437556563504604258874720338497511642753564464947358630551512981398029504622924515903071294130453047107828681615811520133078613135847598090878976.000000
417150280630342167531718626242646532864943935439633100564933571109161269596019835326034539312648329007228110341991939741299383819639638273004132074049475453812212166583936718135241218313146884329913784913768119272431767203209949102272814699397544082174339896016520657688444642715860537942010544508649865216.000000
-893618424407505651254049129524175855787348920642881659960469109100046290498965146994434804711769718373870173686246308434532746790307267757402708145719464363434218750325661998827723142995379684724196678094462212558957593112763683140160975597374385737613474107189853370325862664479806217318166121274935345152.000000
1246409282624761154654052976757363061789879906203530051996812982415332098752606351962092713277929708727741832418809010055135964299736486176702464778249914526532590140414985620347779433135704344991572538556967627594285960812237574299492550756301874746686161031568064470166837409247308401111361860464671719424.000000
-1376093077707855091231829620843851404284913575927637333073304441818419382570519774803813012133645245711792440746276798253313180676637959270896017789195639728301112147975478551034774921874028486506031469808627787536429114098670173614881696670783865248042106567319038794482843020623200413394091175965974593536.000000
1246409282624761154654052976757363061789879906203530051996812982415332098752606351962092713277929708727741832418809010055135964299736486176702464778249914526532590140414985620347779433135704344991572538556967627594285960812237574299492550756301874746686161031568064470166837409247308401111361860464671719424.000000
-893618424407505339404000764724205284479112508636855711921209666059805430725958516180076700186134439474188065461918013224775427385229885886709272459220454872938625268320752573826836744388242728858927702412745465269370601777775559182221841984738387473729838412182953759838220965142924710699651241533683793920.000000
417150280630342089569206535042653890037884832438126613555118710349101054652768177622445013181239509282307583285909865938860053968370292805330773152424723081188313796082709361885019618661362645363596540993338932450035019369462918112788031296238544516203430972264795755066534217881640161287381824573336977408.000000
-194730050804903785246343653674852897183516645639137804679617971088499104989067472265029905139119060518173071655945901858892269763604381709040357281832008203633527514458701960812876547343827418880032377870013316988090427921815616076178104316970875803289319934496642637664351033127129392904974687090038013952.000000
417150280630342089569206535042653890037884832438126613555118710349101054652768177622445013181239509282307583285909865938860053968370292805330773152424723081188313796082709361885019618661362645363596540993338932450035019369462918112788031296238544516203430972264795755066534217881640161287381824573336977408.000000
-581836690981221817633043250411114546019239223039107600414992470948934914345492343167321111424737459708328763336862135094530418612533246338935765887407658538143294549060245573354923673675691214410594485325752507825820795014222490997958973133992901769206857224302282536547347086022794208577022007404029542400.000000
642374415009189674306475310951292112575577201683757969227686785416056549883486200778648175181459883876493441370486896239443699145404502823159547384451116610018781733731428136260675456617018528582608735092684426814395559067918262890772791271467979016543306546092039703882579108538756623816449234069908094976.000000
-581836690981221583745506976811136617538061914034588139385547888668754269515737370056552533030511000533567182168615913687212429058725209935915689122533401420271599437556563504604258874720338497511642753564464947358630551512981398029504622924515903071294130453047107828681615811520133078613135847598090878976.000000
417150280630342089569206535042653890037884832438126613555118710349101054652768177622445013181239509282307583285909865938860053968370292805330773152424723081188313796082709361885019618661362645363596540993338932450035019369462918112788031296238544516203430972264795755066534217881640161287381824573336977408.000000
-194730050804903785246343653674852897183516645639137804679617971088499104989067472265029905139119060518173071655945901858892269763604381709040357281832008203633527514458701960812876547343827418880032377870013316988090427921815616076178104316970875803289319934496642637664351033127129392904974687090038013952.000000
