12831402088465719757380512630206647327539902114863472928747142136280213336109415770304320639900611045354372273871437633888818606496303435800444758558089118586169752886380632394891515435304717374487169647348597116149105959908785580863089498202456542131183476998655170670320858972246811746731617845422063616.000000
-27001545702062686918796894886382106175969681340908259716839416169198401324308552233008757029016786199379018699476666857167520107434843567873641189695873576839307235085920534690307368896715130572623671946743730053159672036021328468165396225056918881455135004860327032098697383514850263015116985938445598720.000000
40502869760640556535595888879160399690053430279888091787731508939762260819635315390615085319162814429906441965717201151297439160483678849336068793045871663917367340193148543246416882896476388136368882698633885792710748878545044972824675492458792268041093987642226034700042202583654598073369235310833041408.000000
-52731100611738979015700272148381680705300040662565402156407284145300425772899986600808447181566242353870352781134503221145804084019291806763358999781554740566796344943802680831124850941864107888787483883474059905911208054427978156612508603653608097833712866845855064175848695132493757525336717103699329024.000000
inf
40843972258469856206688920088156081225240642102384955478183846310970824376829197647606711257776196706039421852140326918512436728250663247017823089020570404277850705970902052030931027530834590448626950474347794348172861369122645433749999995006098632952578834874597047015280959527877257495857448245696397312.000000
-43657041657983233088567008155996805064700088373608136253305707127844262738814966217438929362952527905840108321306726293493752050642791333581420740581631648688597022333937148858636535921266367155171900269362718640356668050784978102108691616970011681921250735789408540379506519167052342639164325165136871424.000000
44613246550228483826338405237584792706280006348383112479442392211541923009002073323085624732317704848059876785740195333261409971698621809910114034873601927843316913365175781307217167012910370745210272316616592636018772336846782967329575208172839365043733108550592440716015964663785303080354359208749039616.000000
-43657041657983233088567008155996805064700088373608136253305707127844262738814966217438929362952527905840108321306726293493752050642791333581420740581631648688597022333937148858636535921266367155171900269362718640356668050784978102108691616970011681921250735789408540379506519167052342639164325165136871424.000000
40843972258469851334031914388156541048549448164790800040070417513467060942875969041132365874563145473231888911135197305859978612546329155288238156419023380988857057814575342265292177552598075513232122729320970171773064629513455996907201032308661160079397027140114240601411557975738483954943153249739341824.000000
-36336736369908859026169688977516473507928983916713010353901566729752138466685639707894119724374011830187622765197340750052089705403346856582475593138947629607823622773222267587638910697159622674452133480824379508523430354397278317293574788306018233561907913937462265756241307551822078061126413842122801152.000000
30393177660566590603760686709501738937302209282519196107321867515158424136456348736742499071261388399444333767253436571537150530357262505841061296821711267440666269994192421865173454393798906686037196589273718008757059374224443747951214225247458268417700049518838787224709056328285197482805148678403129344.000000
-23345063958780538504780565873932322031927937874660889277223965708866275772812039067772132847924581726607542412747915008001665769892151980192809161485972872002494232799058147069978447004786032953662857701095477738188826012317173170618356869709925918261470344878521907100164188633844490745838395458743959552.000000
15563164169002832981896817358226890084536211171435094160332150411738630805642993366395587347414271208324858009721848440190429363082000641389611245814382450124871227181251156167211362553131740933730276635470793283422682815458263537918403206353600758464907001388990149354551727725555104917663831296904790016.000000
-7395769835725463126494134907331560796734311158384015639466444481233167678497253253514147788194388315314344581888775521057190242037140523604313024809870846803395465627721102882067309014915312599997417443666150354417269334755580797769903378054750350013693380014732350733898713933978640460101232481412317184.000000
15563164169002830545568314508227119996190614202638016441275436012986749088666379063158414655807745591921091539219283633864200305229833595524818779513608938480374403103087801284391937564013483466032862762957381195222784445653668819497003725004882022028316097521748746147617026949485718147206683798926262272.000000
-32750084277540912389989430156203658418178514422396775435839072414457315264430200182778664442737699942614424328160491237676530289893504315515701222536319591991430055116074105529745376546832172769880642441577643669450752641100097253761831334943261053418119145827683945789612766157518980521338727743501631488.000000
49125793725801029776767750965894413416246471457074277740479130245041296858980104681933015657779627411689609909436013497146373521455648815340661858632368275209204727313280372987457973168210560388968201068364112090066611790553124961529492891961548462379455973544996350149691454387008945082979584382683054080.000000
-63957374166138177738542497412672754860725349550734357931911156167054970538904660181323726064855586212435757639688612869474900632134187293744092416202156210062447658505462447718277253254316813369989967044205580416641149634024131634179180145116789114218028582311594542190521786374947362451997444218007060480.000000
76464600068888421065094888429438577349419692014088117744980043033925376455881433144463943108425666452359804814227455492921034204930344205155434592459263825274261854633376616515573035397991360224041126914552992927571902182268946709707955785685223978484017076358401241768265853720543257631370248255619203072.000000
-85949326510545452001375708458719106187618922676149553457615365981865068153377210586420311682342972388155060374380091057496309741735084966364274362690290667958355894079373610711013187263286168212620722668903440769138376008249139442344776110520844720638807992363565030477357145674424606214138928857689882624.000000
91868963624659834839006939150268758745071133961999716477866719957787027160746968501696536045405206962151522995908895123281122340498735649441190167908169060387107183546074648794898646306618353071161902410411440330795368231554565804300361757214659440966713149955561313346916053355450695939379926655098159104.000000
-93881137924733782447238795661354541980210030527984275388969850639127215099145485779695778621958245024846166887081380764851695849394603594923184769481059079892614485182511867473065018647075805788990766643803576629480085771403971345457251892847425549816803722874888642770167518288411217460166030428483878912.000000
91868963624659834839006939150268758745071133961999716477866719957787027160746968501696536045405206962151522995908895123281122340498735649441190167908169060387107183546074648794898646306618353071161902410411440330795368231554565804300361757214659440966713149955561313346916053355450695939379926655098159104.000000
-85949326510545452001375708458719106187618922676149553457615365981865068153377210586420311682342972388155060374380091057496309741735084966364274362690290667958355894079373610711013187263286168212620722668903440769138376008249139442344776110520844720638807992363565030477357145674424606214138928857689882624.000000
76464600068888421065094888429438577349419692014088117744980043033925376455881433144463943108425666452359804814227455492921034204930344205155434592459263825274261854633376616515573035397991360224041126914552992927571902182268946709707955785685223978484017076358401241768265853720543257631370248255619203072.000000
-63957374166138177738542497412672754860725349550734357931911156167054970538904660181323726064855586212435757639688612869474900632134187293744092416202156210062447658505462447718277253254316813369989967044205580416641149634024131634179180145116789114218028582311594542190521786374947362451997444218007060480.000000
49125793725801029776767750965894413416246471457074277740479130245041296858980104681933015657779627411689609909436013497146373521455648815340661858632368275209204727313280372987457973168210560388968201068364112090066611790553124961529492891961548462379455973544996350149691454387008945082979584382683054080.000000
-32750084277540917262646435856203198594869708359990930873952501211961078698383428789253009825950751175421957269165620850328988405597838407245286155137866615280423703272400815295384226525068687705275470186604467845850549380709286690604630297640698526291300953562166752203482167709657754062253022739458686976.000000
15563164169002830545568314508227119996190614202638016441275436012986749088666379063158414655807745591921091539219283633864200305229833595524818779513608938480374403103087801284391937564013483466032862762957381195222784445653668819497003725004882022028316097521748746147617026949485718147206683798926262272.000000
-23345063958780543377437571573931862208619131812255044715337394506370039206765267674246478231137632959415075353753044620654123885596486071922394094087519895291487880955384856835617296983022547889057685446122301914588622751926362607461155832407363391134652152613004713514033590185983264286752690454701015040.000000
49125793725801029776767750965894413416246471457074277740479130245041296858980104681933015657779627411689609909436013497146373521455648815340661858632368275209204727313280372987457973168210560388968201068364112090066611790553124961529492891961548462379455973544996350149691454387008945082979584382683054080.000000
-73689693689026282306281475592479858535205784865957033950648796000129525438267372668486339905439797758849089951443250401242218934088374568761549609730169589667535997947608312979447141785803873645006173907090049148525320127046571439481995742176542562118233265039075310993883720814907904430996876123965489152.000000
95937367589894635735135976150435912389602527480486535071716997791947446854968265495299788318349781558485719268996181073248511723939675868662387879220664211737058266509843715293574309546116146221401199722825705611205015338349979752390859381979273812598700990191069296672245018545646583728374736812733628416.000000
-114698462899512052111683792162000638758317391160489023185050156627978726715778637918917671682252071714221087687890459723783144090492004119370171460180462122714302289305428534236923374946972861490346251511474414744528160107287366758384877705287243773034136022528351857181550375708180348061385550623819169792.000000
128925744627435406413648353258427179737363208008916187230101972644119031001820433456488522061756809518201945549258293295848060241134852781151658522235055471570072368087626355744592634391892909287250773060108743862331685946231429879166352419535408922976155416747321580678772588550389531124847561884330622976.000000
-137805321745091052226420267723661806987929999249202040369397902722513527386849222514863135614568622336005757731247279224423799839414115525475077173236732084472007059451076021357418570107388768558032142976617377080149169878133442712065983783272506565951900570574194696542651261628632832675982478554683146240.000000
140823624466535690616108960593576475507394127534706845947302746665176573609959963728131330043582189381610364476300501651516713039247098937811496110673491387463066753876037169425677127780697141612246873689286181181232869382237038080354954850160151583776440107767617104986358815902079090387868133208939823104.000000
-137805321745091052226420267723661806987929999249202040369397902722513527386849222514863135614568622336005757731247279224423799839414115525475077173236732084472007059451076021357418570107388768558032142976617377080149169878133442712065983783272506565951900570574194696542651261628632832675982478554683146240.000000
128925744627435367432392307658430858323833656508162943725194542264088923530194604604693758996052399655741682021217256394628395315500180047314979061422679285258123182837012677619481834566000789804092151099894150451133312029357914384423960717955909139990700954871459129367817376133279342797533201916674179072.000000
-114698462899512052111683792162000638758317391160489023185050156627978726715778637918917671682252071714221087687890459723783144090492004119370171460180462122714302289305428534236923374946972861490346251511474414744528160107287366758384877705287243773034136022528351857181550375708180348061385550623819169792.000000
95937367589894635735135976150435912389602527480486535071716997791947446854968265495299788318349781558485719268996181073248511723939675868662387879220664211737058266509843715293574309546116146221401199722825705611205015338349979752390859381979273812598700990191069296672245018545646583728374736812733628416.000000
-73689693689026292051595486992478938888588172741145344826875653595137052306173829881435030671865900224464155833453509626547135165497042752220719474933263636245523294260261732510724841742276903515795829397143697501324913606264950313167593667571417507864596880508040923821622523919185451512825466115879600128.000000
49125793725801029776767750965894413416246471457074277740479130245041296858980104681933015657779627411689609909436013497146373521455648815340661858632368275209204727313280372987457973168210560388968201068364112090066611790553124961529492891961548462379455973544996350149691454387008945082979584382683054080.000000
-23345063958780548250094577273931402385310325749849200153450823303873802640718496280720823614350684192222608294758174233306582001300820163651979026689066918580481529111711566601256146961259062824452513191149126090988419491535552044303954795104800864007833960347487519927902991738122037827666985450658070528.000000
30393177660566600349074698109500819290684597157707506983548725110165951004362805949691189837687490865059399649263695796842066761765930689300231162024805314018653566306845841396451154350271936556826852079327366361556652853442822621636812150642333214164063664987804400052447859432562744564633738670317240320.000000
-63957374166138158247914474612674594153960573800357736179457440977039916803091745755426344532003381281205625875668094418865068169316850926825752685795968116906473065880155608655721853341370753628410656064098283711041962675587373886807984294327039222725301351373663316535044180166392268288340264234178838528.000000
95937367589894655225763998950434073096367303230863156824170712981962500590781179921197169851201986489715851033016699523858344186757012235580727609626852304893032859135150554356129709459062205962980510702933002316804202296786737499762055232769023704091428221129000522327722624754201677892031916796561850368.000000
-124901842485099613242360708867648520889586043757675185271206521391595904300039710404904140959096272861558225172525991073839103124161894267505923122868252858082160244256842018139277828467410955737971683135802073906043423775123115946674580477396741859855735953413058986591580353856206922289010054014550671360.000000
149327104706017037992592262696642759841449234061341177852218668110443474699372909804543582047025046058624489741117431559540197663955355551672901086761647070969509469935352378687892504966548263350045976335444134015033153188948520521837281535280350395498663081340640052959692785927108712507222499157472182272.000000
-167849748687434380621758305033761315626477039498163071926249427807506557834103230228370157182501438024236270276236911203864657896418409015293921139183691481479539286099152675085870511081838544134313472366267805851920481362008636050723103873077651519199840685935263703488532876053607706065910362963554861056.000000
179410161430791456787211031028101621172796112672258762781395916063508962598282092936029071878671626527123256260989515825119097865892419599878840693166526863022605589492769856056386500508591528273074538639278093621295063046459182388073555199731204493507088953020331370046092429549478129263925990432652132352.000000
-183339720790504921521402704715921822071082850197353023084119352359314112254687483437466426924193557377310677488026054428521028896747214826060318402184590621007741850224198194466051234032678270846506740519153622107614604241800374920161333808815341196157732397021181041727623084657223230197606619843093594112.000000
179410161430791456787211031028101621172796112672258762781395916063508962598282092936029071878671626527123256260989515825119097865892419599878840693166526863022605589492769856056386500508591528273074538639278093621295063046459182388073555199731204493507088953020331370046092429549478129263925990432652132352.000000
-167849748687434380621758305033761315626477039498163071926249427807506557834103230228370157182501438024236270276236911203864657896418409015293921139183691481479539286099152675085870511081838544134313472366267805851920481362008636050723103873077651519199840685935263703488532876053607706065910362963554861056.000000
149327104706017037992592262696642759841449234061341177852218668110443474699372909804543582047025046058624489741117431559540197663955355551672901086761647070969509469935352378687892504966548263350045976335444134015033153188948520521837281535280350395498663081340640052959692785927108712507222499157472182272.000000
-124901842485099613242360708867648520889586043757675185271206521391595904300039710404904140959096272861558225172525991073839103124161894267505923122868252858082160244256842018139277828467410955737971683135802073906043423775123115946674580477396741859855735953413058986591580353856206922289010054014550671360.000000
95937367589894635735135976150435912389602527480486535071716997791947446854968265495299788318349781558485719268996181073248511723939675868662387879220664211737058266509843715293574309546116146221401199722825705611205015338349979752390859381979273812598700990191069296672245018545646583728374736812733628416.000000
-63957374166138158247914474612674594153960573800357736179457440977039916803091745755426344532003381281205625875668094418865068169316850926825752685795968116906473065880155608655721853341370753628410656064098283711041962675587373886807984294327039222725301351373663316535044180166392268288340264234178838528.000000
30393177660566590603760686709501738937302209282519196107321867515158424136456348736742499071261388399444333767253436571537150530357262505841061296821711267440666269994192421865173454393798906686037196589273718008757059374224443747951214225247458268417700049518838787224709056328285197482805148678403129344.000000
-36336736369908863898826694677516013684620177854307165792014995527255901900638868314368465107587063062995155706202470362704547821107680948312060525740494652896817270929548977353277760675396137609846961225851203684923227094006467754136373751003455706435089721671945072170110709103960851602040708838079856640.000000
76464600068888421065094888429438577349419692014088117744980043033925376455881433144463943108425666452359804814227455492921034204930344205155434592459263825274261854633376616515573035397991360224041126914552992927571902182268946709707955785685223978484017076358401241768265853720543257631370248255619203072.000000
-114698462899512052111683792162000638758317391160489023185050156627978726715778637918917671682252071714221087687890459723783144090492004119370171460180462122714302289305428534236923374946972861490346251511474414744528160107287366758384877705287243773034136022528351857181550375708180348061385550623819169792.000000
149327104706017037992592262696642759841449234061341177852218668110443474699372909804543582047025046058624489741117431559540197663955355551672901086761647070969509469935352378687892504966548263350045976335444134015033153188948520521837281535280350395498663081340640052959692785927108712507222499157472182272.000000
-178528860710849859460880545573589944861205433356196135985788609783248089313169887279638733890099885424041768497318998445658117907848727280115234437601317034412383356946873431895459909658921998203617562154114996304964175227947457278982868993837440904777460343758687883726620744911356653552208990577650302976.000000
200673718299504082968381470786428765146854774140081177036087783352710792269219841600526898693167588821856535305974947280110183064964343717575514668591073252770802665825164894102134299916268128975032048557845762642947008935896899747204381571806020814767652412456882793251917068065692596443600113901395509248.000000
-214494835165061421892096985998279979173946093656777429085646315454203049169361885174796451960134518117137691596172072133156123132419551319013302585029617608740351732030357514742265338440283277905140965219876046130755991403484683637288050786245168603724411501187994082946911438746169674207156810066314657792.000000
219192842159512181670688955438688841329368563961910197068908870782204828855793729425599502530137345564578466037549764916182458257756393126983208380410488000646043652034319045348086640006708225523282273367051331491520522986559082332268273659602874275893759118581788939569795649713871353835837791653173657600.000000
-214494835165061421892096985998279979173946093656777429085646315454203049169361885174796451960134518117137691596172072133156123132419551319013302585029617608740351732030357514742265338440283277905140965219876046130755991403484683637288050786245168603724411501187994082946911438746169674207156810066314657792.000000
200673718299504082968381470786428765146854774140081177036087783352710792269219841600526898693167588821856535305974947280110183064964343717575514668591073252770802665825164894102134299916268128975032048557845762642947008935896899747204381571806020814767652412456882793251917068065692596443600113901395509248.000000
-178528860710849859460880545573589944861205433356196135985788609783248089313169887279638733890099885424041768497318998445658117907848727280115234437601317034412383356946873431895459909658921998203617562154114996304964175227947457278982868993837440904777460343758687883726620744911356653552208990577650302976.000000
149327104706017018501964239896644599134684458310964556099764952920428420963559995378646200514172841127394357977096913108930365201138019184754561356355458977813534877310045539625337105053602203608466665355336837309433966230511762774466085684490600504005935850402708827304215179718553618343565319173643960320.000000
-114698462899512052111683792162000638758317391160489023185050156627978726715778637918917671682252071714221087687890459723783144090492004119370171460180462122714302289305428534236923374946972861490346251511474414744528160107287366758384877705287243773034136022528351857181550375708180348061385550623819169792.000000
76464600068888430810408899829437657702802079889276428621206900628932903323787890357412633874851768917974870696237714718225950436339012388614604457662357871852249150946030036046850735354464390094830782404606641280371495661487325583393553711080098924230380691827366854596004656824820804713198838247533314048.000000
-36336736369908863898826694677516013684620177854307165792014995527255901900638868314368465107587063062995155706202470362704547821107680948312060525740494652896817270929548977353277760675396137609846961225851203684923227094006467754136373751003455706435089721671945072170110709103960851602040708838079856640.000000
40843972258469856206688920088156081225240642102384955478183846310970824376829197647606711257776196706039421852140326918512436728250663247017823089020570404277850705970902052030931027530834590448626950474347794348172861369122645433749999995006098632952578834874597047015280959527877257495857448245696397312.000000
-85949326510545442256061697058720025834236534800961242581388508386857541285470753373471620915916869922539994492369831832191393510326416782905104497487196621380368597766720191179735487306813138341831067178849792416338782529030760568659178185125969774892444376894599417649618342570147059132310338865775771648.000000
128925744627435269979252193658440054790009777756279834962925966314013654851130032475206851331791374999591023201114664141579233001413498212723280409391738819478250219710478482306704835001270491096195596199357666923137377237174125647567981464007159682527064800181803001090429345090503871979247301997533069312.000000
-167849748687434419603014350633757637040006590998916315431156858187536665305729059080164920248205847886696533804277948105084322822053081749130600599996067667791488471349766353210981310907730663617472094326482399263118855278882151545465495574657151302185295147811126154799488088470717894393224722931211304960.000000
200673718299504043987125425186432443733325222639327933531180352972680684797594012748732135627463178959396271777933910378890518139329670983738835207778697066458853480574551215977023500090376009491873426597631169231748635019023384252461989870226521031782197950581020341940961855648582408116285753933739065344.000000
-225565441207924652658645468969146957665106264217580463658024601277149449988018315726418668139694119185965920408718835192673992262443323822219536774713103019784339906212445009978622521779057823497945123733405835724897544306506676371095360594649669024525575619568995159029505199746530345891312021034290380800.000000
241100930415515699178449500278690324507548346653563843131858248355999202613830763774553551520770087915635874793796282996949315262330494067928173189090117454007841234231588586494498815710261706489032400406552711190384378966445337168734871214662280262645578804881434660811430275269746457076041395350882222080.000000
-246381680786470277814382341433358887247689175611062548880313623583738286493977784141672545598778911450073659075841906576412661608935252115919571820131300055560679310315814221247090858317422913852332982102675447226159708229815808035415615915904653078037798846650962268021336916164867940377373312197179998208.000000
241100930415515699178449500278690324507548346653563843131858248355999202613830763774553551520770087915635874793796282996949315262330494067928173189090117454007841234231588586494498815710261706489032400406552711190384378966445337168734871214662280262645578804881434660811430275269746457076041395350882222080.000000
-225565441207924613677389423369150636251576712716827220153117170897119342516392486874623905073989709323505656880677798291454327336808651088382857313900726833472390720961831331853511721953165704014786501773191242313699170389633160876352968893070169241540121157693132707718549987329420157563997661066633936896.000000
200673718299504043987125425186432443733325222639327933531180352972680684797594012748732135627463178959396271777933910378890518139329670983738835207778697066458853480574551215977023500090376009491873426597631169231748635019023384252461989870226521031782197950581020341940961855648582408116285753933739065344.000000
-167849748687434419603014350633757637040006590998916315431156858187536665305729059080164920248205847886696533804277948105084322822053081749130600599996067667791488471349766353210981310907730663617472094326482399263118855278882151545465495574657151302185295147811126154799488088470717894393224722931211304960.000000
128925744627435269979252193658440054790009777756279834962925966314013654851130032475206851331791374999591023201114664141579233001413498212723280409391738819478250219710478482306704835001270491096195596199357666923137377237174125647567981464007159682527064800181803001090429345090503871979247301997533069312.000000
-85949326510545442256061697058720025834236534800961242581388508386857541285470753373471620915916869922539994492369831832191393510326416782905104497487196621380368597766720191179735487306813138341831067178849792416338782529030760568659178185125969774892444376894599417649618342570147059132310338865775771648.000000
40843972258469861079345925788155621401931836039979110916297275108474587810782426254081056640989247938846954793145456531164894843954997338747408021622117427566844354127228761796569877509071105384021778219374618524572658108731834870592798957703536105825760642609079853429150361080016031036771743241653452800.000000
-43657041657983228215910002455997264888008894436013980815192278330340499304861737610964583979739476673032575380301596680841293934938457241851835807980084625399603374177610439092997685943029852219777072524335894463956871311175788665265892654272574209048068928054925733965637117614913569098250030169179815936.000000
91868963624659795857750893550272437331541582461246472972959289577756919689121139649901772979700797099691259467867858222061457414864062915604510707095792874075157998295460970669787846480726233588003280450196846919596994314681050309557970055635159657981258688079698862035960840938340507612065566687441715200.000000
-137805321745090993754536199323667324867635671998072175112036757152468366179410479237170991016012007542315362439185723872594302450962106424720057982018167805004083281575155504169752370368550589333294210036295486963351609002823169469952396230903256891473718877760401019576218443002967550185010938603198480384.000000
179410161430791378824698939828108978345737009670752275771581055303448747655030435232439545747262806802202729204907442022679768014623074132205481771541774490398707218991542499806164900856807289306757294718848906798898315212712151398588771796572204927536180029268606467424182004715257752609297270497339244544.000000
-214494835165061460873353031598276300587475645157530672590553745834233156640987714026591215025838927979597955124213109034375788058054224052849982045841993795052300917280971192867376138266175397388299587180090639541954365320358199132030442487824668386709865963063856534257866651163279862534471170033971101696.000000
241100930415515777140961591478682967334607449655070330141673109116059417557082421478143077652178907640556401849878356799388645113599839535601532110714869826631739604732815942744720415362045945455349644326981898012781126800192368158219654617821279828616487728633159563433340700103966833730670115286195109888.000000
-257706413424277787814777554779573555843100833908317566474296102536954247263857951351687745119472601688161064904134278687855564835744771222257723635809644456755803210913334455152072865501092358595267968417836236317884431132385748232035122616802092239941756061304522764506171216282251103495210718080639434752.000000
263350868703113522294127406798069339117411771713067873659300044844028612072589266415849098890005443732392986187119486879097776764282384230649027261297338981458886083424444080163062903009363492245319080547014697814252403817583073376774513966823386707593271282493898436752229318293709261690932983208404320256.000000
-257706413424277709852265463579580913016041730906811079464481241776894032320606293648098218988063781963240537848052204885416234984475425754584364714184892084131904840412107098901851265849308119628950724497407049495487683298638717242550339213643092673970847137552797861884260791448030726840581998145326546944.000000
241100930415515777140961591478682967334607449655070330141673109116059417557082421478143077652178907640556401849878356799388645113599839535601532110714869826631739604732815942744720415362045945455349644326981898012781126800192368158219654617821279828616487728633159563433340700103966833730670115286195109888.000000
-214494835165061421892096985998279979173946093656777429085646315454203049169361885174796451960134518117137691596172072133156123132419551319013302585029617608740351732030357514742265338440283277905140965219876046130755991403484683637288050786245168603724411501187994082946911438746169674207156810066314657792.000000
179410161430791339843442894228112656932207458169999032266673624923418640183404606380644782681558396939742465676866405121460103088988401398368802310729398304086758033740928821681054101030915169823598672758634313387699941295838635903846380094992705144550725567392744016113226792298147564281982910529682800640.000000
-137805321745090993754536199323667324867635671998072175112036757152468366179410479237170991016012007542315362439185723872594302450962106424720057982018167805004083281575155504169752370368550589333294210036295486963351609002823169469952396230903256891473718877760401019576218443002967550185010938603198480384.000000
91868963624659776367122870750274276624776806710869851220505574387741865953308225224004391446848592168461127703847339771451624952046726548686170976689604780919183405670154131607232446567780173846423969470089550213997807356244292562186774204845409766488531457141767636380483234729785413448408386703613493248.000000
-43657041657983228215910002455997264888008894436013980815192278330340499304861737610964583979739476673032575380301596680841293934938457241851835807980084625399603374177610439092997685943029852219777072524335894463956871311175788665265892654272574209048068928054925733965637117614913569098250030169179815936.000000
44613246550228503316966428037582953413044782098759734231896107401556976744814987748983006265169909779290008549760713783871242434515958176828453765279790020999291505990482620369772566925856430486789583296723889341617959295283540714700771058962589256536460339488523666371493570872340397244011539192577261568.000000
-93881137924733762956610772861356381273445254777607653636516135449112161363332571353798397089106040093616035123060862314241863386577267228004845039074870986736639892557205028410509618734129746047411455663696279923880898812967213598086056042057675658324076491936957417114689912079856123296508850444655656960.000000
140823624466535710106736983393574636214158903285083467699756461855191627345772878154028711576434394312840496240321020102126545502064435304729835841079679480619041346501344008488232527693643201353826184669393477886832056340673795827726150700949901475269167338705548330641836422110634184551525313192768045056.000000
-183339720790504921521402704715921822071082850197353023084119352359314112254687483437466426924193557377310677488026054428521028896747214826060318402184590621007741850224198194466051234032678270846506740519153622107614604241800374920161333808815341196157732397021181041727623084657223230197606619843093594112.000000
219192842159512181670688955438688841329368563961910197068908870782204828855793729425599502530137345564578466037549764916182458257756393126983208380410488000646043652034319045348086640006708225523282273367051331491520522986559082332268273659602874275893759118581788939569795649713871353835837791653173657600.000000
-246381680786470394758150478233347851488277830113322279395035914723828608908855270697056834795892141037454449659965017280071656385839270317429610202568428614496526866067655255622423257795099272301808847983319227459754829980436354519642791020643152426994162232278549621954202553416198505359316392100149329920.000000
263350868703113522294127406798069339117411771713067873659300044844028612072589266415849098890005443732392986187119486879097776764282384230649027261297338981458886083424444080163062903009363492245319080547014697814252403817583073376774513966823386707593271282493898436752229318293709261690932983208404320256.000000
-269118952674137189755909457526453646945853631678573379670719890992724957149611017803324262083536333995398457079519493687802129117253549529508216515273877519973768822358276269613892681255893671210299103546450578872150724066058651709191171112162256591339152937605758285595248873386304383878329878324344520704.000000
263350868703113522294127406798069339117411771713067873659300044844028612072589266415849098890005443732392986187119486879097776764282384230649027261297338981458886083424444080163062903009363492245319080547014697814252403817583073376774513966823386707593271282493898436752229318293709261690932983208404320256.000000
-246381680786470316795638387033355208661218727111815792385221053963768393965603612993467308664483321312533922603882943477632326534569924849756251280943676241872628495566427899372201658143315033335491604062890040637358082146689323530158007617484152861023253308526824719332292128581978128704687672164836442112.000000
219192842159512220651945001038685162742898115462663440573816301162234936327419558277394265595841755427038729565590801817402123183391065860819887841222864186957992837284932723473197439832600345006440895327265924902718896903432597827010665361182374058879213580457651390880750862130981542163152151620830101504.000000
-183339720790504843558890613515929179244023747195846536074304491599253897311435825733876900792784737652390150431943980626081699045477869358386959480559838248383843479722970838215829634380894031880189496598724435285217856408053343930676550405656341630186823473269456139105712659823002853542977899907780706304.000000
140823624466535651634852914993580154093864576033953602442395316285146466138334134876336566977877779519150100948259464750297048113612426203974816649861115201151117568625423491300566327954805022129088251729071587770034495465363522585612563148580651800790985645891754653675403603484968902060553773241283379200.000000
-93881137924733743465982750061358220566680479027231031884062420259097107627519656927901015556253835162385903359040343863632030923759930861086505308668682893580665299931898189347954218821183686305832144683588983218281711854530455850714860191267925766831349260999026191459212305871301029132851670460827435008.000000
44613246550228493571652416637583873059662394223571423355669249806549449876908530536034315498743807313674942667750454558566326203107289993369283900076695974421304209677829200838494866969383400615999927806670240988818365816065161841015173133567714310790096724019558053543754767768062850162182949200663150592.000000
-43657041657983242833881019555995885418082476248796447129532564722851789606721423430387620129378630371455174203316985518798668282051459517040590605784725695266584318646590568389914235877739397025961555759416366993156261530003356975794289542364886627667614351258374153207245322271329889720992915157050982400.000000
91868963624659834839006939150268758745071133961999716477866719957787027160746968501696536045405206962151522995908895123281122340498735649441190167908169060387107183546074648794898646306618353071161902410411440330795368231554565804300361757214659440966713149955561313346916053355450695939379926655098159104.000000
-137805321745090974263908176523669164160870896247695553359583041962453312443597564811273609483159802611085230675165205421984469988144770057801718251611979711848108688949848665107196970455604529591714899056188190257752422044386411722581200380113506999980991646822469793920740836794412456021353758619370258432.000000
179410161430791378824698939828108978345737009670752275771581055303448747655030435232439545747262806802202729204907442022679768014623074132205481771541774490398707218991542499806164900856807289306757294718848906798898315212712151398588771796572204927536180029268606467424182004715257752609297270497339244544.000000
-214494835165061421892096985998279979173946093656777429085646315454203049169361885174796451960134518117137691596172072133156123132419551319013302585029617608740351732030357514742265338440283277905140965219876046130755991403484683637288050786245168603724411501187994082946911438746169674207156810066314657792.000000
241100930415515699178449500278690324507548346653563843131858248355999202613830763774553551520770087915635874793796282996949315262330494067928173189090117454007841234231588586494498815710261706489032400406552711190384378966445337168734871214662280262645578804881434660811430275269746457076041395350882222080.000000
-257706413424277709852265463579580913016041730906811079464481241776894032320606293648098218988063781963240537848052204885416234984475425754584364714184892084131904840412107098901851265849308119628950724497407049495487683298638717242550339213643092673970847137552797861884260791448030726840581998145326546944.000000
263350868703113522294127406798069339117411771713067873659300044844028612072589266415849098890005443732392986187119486879097776764282384230649027261297338981458886083424444080163062903009363492245319080547014697814252403817583073376774513966823386707593271282493898436752229318293709261690932983208404320256.000000
-257706413424277709852265463579580913016041730906811079464481241776894032320606293648098218988063781963240537848052204885416234984475425754584364714184892084131904840412107098901851265849308119628950724497407049495487683298638717242550339213643092673970847137552797861884260791448030726840581998145326546944.000000
241100930415515777140961591478682967334607449655070330141673109116059417557082421478143077652178907640556401849878356799388645113599839535601532110714869826631739604732815942744720415362045945455349644326981898012781126800192368158219654617821279828616487728633159563433340700103966833730670115286195109888.000000
-214494835165061421892096985998279979173946093656777429085646315454203049169361885174796451960134518117137691596172072133156123132419551319013302585029617608740351732030357514742265338440283277905140965219876046130755991403484683637288050786245168603724411501187994082946911438746169674207156810066314657792.000000
179410161430791417805954985428105299759266561171505519276488485683478855126656264084234308812967216664662992732948478923899432940257746866042161232354150676710656404242156177931275700682699408789915916679063500210096689129585666893331163498151704710521634491144468918735137217132367940936611630464995688448.000000
-137805321745090974263908176523669164160870896247695553359583041962453312443597564811273609483159802611085230675165205421984469988144770057801718251611979711848108688949848665107196970455604529591714899056188190257752422044386411722581200380113506999980991646822469793920740836794412456021353758619370258432.000000
91868963624659795857750893550272437331541582461246472972959289577756919689121139649901772979700797099691259467867858222061457414864062915604510707095792874075157998295460970669787846480726233588003280450196846919596994314681050309557970055635159657981258688079698862035960840938340507612065566687441715200.000000
-43657041657983242833881019555995885418082476248796447129532564722851789606721423430387620129378630371455174203316985518798668282051459517040590605784725695266584318646590568389914235877739397025961555759416366993156261530003356975794289542364886627667614351258374153207245322271329889720992915157050982400.000000
40843972258469841588717902988157460695167060289602489163843559918459534074969511828183675108137043007616823029124938080555062381137660971829068291215929334410869761501921922734014477596125045642442467239267321818973471150295077123221603106913786214333033411671148627773672754871460936873114563257825230848.000000
-85949326510545442256061697058720025834236534800961242581388508386857541285470753373471620915916869922539994492369831832191393510326416782905104497487196621380368597766720191179735487306813138341831067178849792416338782529030760568659178185125969774892444376894599417649618342570147059132310338865775771648.000000
128925744627435269979252193658440054790009777756279834962925966314013654851130032475206851331791374999591023201114664141579233001413498212723280409391738819478250219710478482306704835001270491096195596199357666923137377237174125647567981464007159682527064800181803001090429345090503871979247301997533069312.000000
-167849748687434419603014350633757637040006590998916315431156858187536665305729059080164920248205847886696533804277948105084322822053081749130600599996067667791488471349766353210981310907730663617472094326482399263118855278882151545465495574657151302185295147811126154799488088470717894393224722931211304960.000000
200673718299504043987125425186432443733325222639327933531180352972680684797594012748732135627463178959396271777933910378890518139329670983738835207778697066458853480574551215977023500090376009491873426597631169231748635019023384252461989870226521031782197950581020341940961855648582408116285753933739065344.000000
-225565441207924574696133377769154314838047161216073976648209740517089235044766658022829142008285299461045393352636761390234662411173978354546177853088350647160441535711217653728400922127273584531627879812976648902500796472759645381610577191490669458554666695817270256407594774912309969236683301098977492992.000000
241100930415515699178449500278690324507548346653563843131858248355999202613830763774553551520770087915635874793796282996949315262330494067928173189090117454007841234231588586494498815710261706489032400406552711190384378966445337168734871214662280262645578804881434660811430275269746457076041395350882222080.000000
-246381680786470316795638387033355208661218727111815792385221053963768393965603612993467308664483321312533922603882943477632326534569924849756251280943676241872628495566427899372201658143315033335491604062890040637358082146689323530158007617484152861023253308526824719332292128581978128704687672164836442112.000000
241100930415515660197193454678694003094018795152810599626950817975969095142204934922758788455065678053175611265755246095729650336695821334091493728277741267695892048980974908369388015884369587005873778446338117779186005049571821673992479513082780479660124343005572209500475062852636268748727035383225778176.000000
-225565441207924574696133377769154314838047161216073976648209740517089235044766658022829142008285299461045393352636761390234662411173978354546177853088350647160441535711217653728400922127273584531627879812976648902500796472759645381610577191490669458554666695817270256407594774912309969236683301098977492992.000000
200673718299504082968381470786428765146854774140081177036087783352710792269219841600526898693167588821856535305974947280110183064964343717575514668591073252770802665825164894102134299916268128975032048557845762642947008935896899747204381571806020814767652412456882793251917068065692596443600113901395509248.000000
-167849748687434380621758305033761315626477039498163071926249427807506557834103230228370157182501438024236270276236911203864657896418409015293921139183691481479539286099152675085870511081838544134313472366267805851920481362008636050723103873077651519199840685935263703488532876053607706065910362963554861056.000000
128925744627435328451136262058434536910304105007409700220287111884058816058568775752898995930347989793281418493176219493408730389865507313478299600610303098946173997586398999494371034740108670320933529139679557039934938112484398889681569016376409357005246492995596678056862163716169154470218841949017735168.000000
-85949326510545442256061697058720025834236534800961242581388508386857541285470753373471620915916869922539994492369831832191393510326416782905104497487196621380368597766720191179735487306813138341831067178849792416338782529030760568659178185125969774892444376894599417649618342570147059132310338865775771648.000000
40843972258469841588717902988157460695167060289602489163843559918459534074969511828183675108137043007616823029124938080555062381137660971829068291215929334410869761501921922734014477596125045642442467239267321818973471150295077123221603106913786214333033411671148627773672754871460936873114563257825230848.000000
-36336736369908859026169688977516473507928983916713010353901566729752138466685639707894119724374011830187622765197340750052089705403346856582475593138947629607823622773222267587638910697159622674452133480824379508523430354397278317293574788306018233561907913937462265756241307551822078061126413842122801152.000000
76464600068888430810408899829437657702802079889276428621206900628932903323787890357412633874851768917974870696237714718225950436339012388614604457662357871852249150946030036046850735354464390094830782404606641280371495661487325583393553711080098924230380691827366854596004656824820804713198838247533314048.000000
-114698462899512032621055769362002478051552615410112401432596441437963672979965723493020290149399866782990955923869941273173311627674667752451831729774274029558327696680121695174367975034026801748766940531367118038928973148850609011013681854497493881541408791590420631526072769499625253897728370639990947840.000000
149327104706017018501964239896644599134684458310964556099764952920428420963559995378646200514172841127394357977096913108930365201138019184754561356355458977813534877310045539625337105053602203608466665355336837309433966230511762774466085684490600504005935850402708827304215179718553618343565319173643960320.000000
-178528860710849820479624499973593623447675881855442892480881179403217981841544058427843970824395475561581504969277961544438452982214054546278554976788940848100434171696259753770349109833029878720458940193900402893765801311073941784240477292257941121792005881882825432415665532494246465224894630609993859072.000000
200673718299504005005869379586436122319795671138574690026272922592650577325968183896937372561758769096936008249892873477670853213694998249902155746966320880146904295323937537851912700264483890008714804637416575820550261102149868757719598168647021248796743488705157890630006643231472219788971393966082621440.000000
-214494835165061460873353031598276300587475645157530672590553745834233156640987714026591215025838927979597955124213109034375788058054224052849982045841993795052300917280971192867376138266175397388299587180090639541954365320358199132030442487824668386709865963063856534257866651163279862534471170033971101696.000000
219192842159512142689432909838692519915839012461156953564001440402174721384167900573804739464432935702118202509508728014962793332121720393146528919598111814334094466783705367222975840180816106040123651406836738080322149069685566837525881958023374492908304656705926488258840437296761165508523431685517213696.000000
-214494835165061460873353031598276300587475645157530672590553745834233156640987714026591215025838927979597955124213109034375788058054224052849982045841993795052300917280971192867376138266175397388299587180090639541954365320358199132030442487824668386709865963063856534257866651163279862534471170033971101696.000000
200673718299504005005869379586436122319795671138574690026272922592650577325968183896937372561758769096936008249892873477670853213694998249902155746966320880146904295323937537851912700264483890008714804637416575820550261102149868757719598168647021248796743488705157890630006643231472219788971393966082621440.000000
-178528860710849898442136591173586266274734984856949379490696040163278196784795716131433496955804295286502032025360035346877782833483400013951913898413693220724332542197487110020570709484814117686776184114329589716162549144820972773725260695416940687762914805634550335037575957328466841879523350545306746880.000000
149327104706017018501964239896644599134684458310964556099764952920428420963559995378646200514172841127394357977096913108930365201138019184754561356355458977813534877310045539625337105053602203608466665355336837309433966230511762774466085684490600504005935850402708827304215179718553618343565319173643960320.000000
-114698462899512052111683792162000638758317391160489023185050156627978726715778637918917671682252071714221087687890459723783144090492004119370171460180462122714302289305428534236923374946972861490346251511474414744528160107287366758384877705287243773034136022528351857181550375708180348061385550623819169792.000000
76464600068888440555722911229436738056184467764464739497433758223940430191694347570361324641277871383589936578247973943530866667747680572073774322865451918430236447258683455578128435310937419965620437894660289633171089140705704457079151636474973869976744307296332467423743459929098351795027428239447425024.000000
-36336736369908859026169688977516473507928983916713010353901566729752138466685639707894119724374011830187622765197340750052089705403346856582475593138947629607823622773222267587638910697159622674452133480824379508523430354397278317293574788306018233561907913937462265756241307551822078061126413842122801152.000000
30393177660566595476417692409501279113993403220113351545435296312662187570409577343216844454474439632251866708258566184189608646061596597570646229423258290729659918150519131630812304372035421621432024334300542185156856113833633184794013187944895741290881857253321593638578457880423971023719443674360184832.000000
-63957374166138158247914474612674594153960573800357736179457440977039916803091745755426344532003381281205625875668094418865068169316850926825752685795968116906473065880155608655721853341370753628410656064098283711041962675587373886807984294327039222725301351373663316535044180166392268288340264234178838528.000000
95937367589894635735135976150435912389602527480486535071716997791947446854968265495299788318349781558485719268996181073248511723939675868662387879220664211737058266509843715293574309546116146221401199722825705611205015338349979752390859381979273812598700990191069296672245018545646583728374736812733628416.000000
-124901842485099593751732686067650360182821268007298563518752806201580850564226795979006759426244067930328093408505472623229270661344557900587583392462064764926185651631535179076722428554464895996392372155694777200444236816686358199303384626606991968363008722475127760936102747647651828125352874030722449408.000000
149327104706017018501964239896644599134684458310964556099764952920428420963559995378646200514172841127394357977096913108930365201138019184754561356355458977813534877310045539625337105053602203608466665355336837309433966230511762774466085684490600504005935850402708827304215179718553618343565319173643960320.000000
-167849748687434380621758305033761315626477039498163071926249427807506557834103230228370157182501438024236270276236911203864657896418409015293921139183691481479539286099152675085870511081838544134313472366267805851920481362008636050723103873077651519199840685935263703488532876053607706065910362963554861056.000000
179410161430791339843442894228112656932207458169999032266673624923418640183404606380644782681558396939742465676866405121460103088988401398368802310729398304086758033740928821681054101030915169823598672758634313387699941295838635903846380094992705144550725567392744016113226792298147564281982910529682800640.000000
-183339720790504804577634567915932857830494195695093292569397061219223789839809996882082137727080327789929886903902943724862034119843196624550280019747462062071894294472357160090718834555001912397030874638509841874019482491179828435934158704076841847201369011393593687794757447405892665215663539940124262400.000000
179410161430791378824698939828108978345737009670752275771581055303448747655030435232439545747262806802202729204907442022679768014623074132205481771541774490398707218991542499806164900856807289306757294718848906798898315212712151398588771796572204927536180029268606467424182004715257752609297270497339244544.000000
-167849748687434380621758305033761315626477039498163071926249427807506557834103230228370157182501438024236270276236911203864657896418409015293921139183691481479539286099152675085870511081838544134313472366267805851920481362008636050723103873077651519199840685935263703488532876053607706065910362963554861056.000000
149327104706016999011336217096646438427919682560587934347311237730413367227747080952748818981320636196164226213076394658320532738320682817836221625949270884657560284684738700562781705140656143866887354375229540603834779272075005027094889833700850612513208619464777601648737573509998524179908139189815738368.000000
-124901842485099613242360708867648520889586043757675185271206521391595904300039710404904140959096272861558225172525991073839103124161894267505923122868252858082160244256842018139277828467410955737971683135802073906043423775123115946674580477396741859855735953413058986591580353856206922289010054014550671360.000000
95937367589894616244507953350437751682837751730109913319263282601932393119155351069402406785497576627255587504975662622638679261122339501744048148814476118581083673884536876231018909633170086479821888742718408905605828379913222005019663531189523921105973759253138071016767412337091489564717556828905406464.000000
-63957374166138158247914474612674594153960573800357736179457440977039916803091745755426344532003381281205625875668094418865068169316850926825752685795968116906473065880155608655721853341370753628410656064098283711041962675587373886807984294327039222725301351373663316535044180166392268288340264234178838528.000000
30393177660566580858446675309502658583919821407330885231095009920150897268549891523793808304835285933829267885243177346232234298948594322381891431618617220862678973681539002333895754437325876815247541099220069655957465895006064874265616299852583322671336434049873174396970253224007650400976558686489018368.000000
-23345063958780538504780565873932322031927937874660889277223965708866275772812039067772132847924581726607542412747915008001665769892151980192809161485972872002494232799058147069978447004786032953662857701095477738188826012317173170618356869709925918261470344878521907100164188633844490745838395458743959552.000000
49125793725801020031453739565895333062864083581885966864252272650033769991073647468984324891353524946074544027425754271841457290046980631881491993429274228631217431000626953456180273211737530518178545578310463737267018311334746087843894966566673516633092358076030737321952651282731398001150994390768943104.000000
-73689693689026282306281475592479858535205784865957033950648796000129525438267372668486339905439797758849089951443250401242218934088374568761549609730169589667535997947608312979447141785803873645006173907090049148525320127046571439481995742176542562118233265039075310993883720814907904430996876123965489152.000000
95937367589894616244507953350437751682837751730109913319263282601932393119155351069402406785497576627255587504975662622638679261122339501744048148814476118581083673884536876231018909633170086479821888742718408905605828379913222005019663531189523921105973759253138071016767412337091489564717556828905406464.000000
-114698462899512032621055769362002478051552615410112401432596441437963672979965723493020290149399866782990955923869941273173311627674667752451831729774274029558327696680121695174367975034026801748766940531367118038928973148850609011013681854497493881541408791590420631526072769499625253897728370639990947840.000000
128925744627435328451136262058434536910304105007409700220287111884058816058568775752898995930347989793281418493176219493408730389865507313478299600610303098946173997586398999494371034740108670320933529139679557039934938112484398889681569016376409357005246492995596678056862163716169154470218841949017735168.000000
-137805321745090993754536199323667324867635671998072175112036757152468366179410479237170991016012007542315362439185723872594302450962106424720057982018167805004083281575155504169752370368550589333294210036295486963351609002823169469952396230903256891473718877760401019576218443002967550185010938603198480384.000000
140823624466535690616108960593576475507394127534706845947302746665176573609959963728131330043582189381610364476300501651516713039247098937811496110673491387463066753876037169425677127780697141612246873689286181181232869382237038080354954850160151583776440107767617104986358815902079090387868133208939823104.000000
-137805321745090993754536199323667324867635671998072175112036757152468366179410479237170991016012007542315362439185723872594302450962106424720057982018167805004083281575155504169752370368550589333294210036295486963351609002823169469952396230903256891473718877760401019576218443002967550185010938603198480384.000000
128925744627435328451136262058434536910304105007409700220287111884058816058568775752898995930347989793281418493176219493408730389865507313478299600610303098946173997586398999494371034740108670320933529139679557039934938112484398889681569016376409357005246492995596678056862163716169154470218841949017735168.000000
-114698462899512013130427746562004317344787839659735779680142726247948619244152809067122908616547661851760824159849422822563479164857331385533491999368085936402353104054814856111812575121080742007187629551259821333329786190413851263642486003707743990048681560652489405870595163291070159734071190656162725888.000000
95937367589894616244507953350437751682837751730109913319263282601932393119155351069402406785497576627255587504975662622638679261122339501744048148814476118581083673884536876231018909633170086479821888742718408905605828379913222005019663531189523921105973759253138071016767412337091489564717556828905406464.000000
-73689693689026272560967464192480778181823396990768723074421938405121998570360915455537649139013695293234024069432991175937302702679706385302379744527075543089548701634954893448169441829330843774216518417036400795725726647828192565796397816781667616371869649570109698166144917710630357349168286132051378176.000000
49125793725801029776767750965894413416246471457074277740479130245041296858980104681933015657779627411689609909436013497146373521455648815340661858632368275209204727313280372987457973168210560388968201068364112090066611790553124961529492891961548462379455973544996350149691454387008945082979584382683054080.000000
-23345063958780543377437571573931862208619131812255044715337394506370039206765267674246478231137632959415075353753044620654123885596486071922394094087519895291487880955384856835617296983022547889057685446122301914588622751926362607461155832407363391134652152613004713514033590185983264286752690454701015040.000000
15563164169002832981896817358226890084536211171435094160332150411738630805642993366395587347414271208324858009721848440190429363082000641389611245814382450124871227181251156167211362553131740933730276635470793283422682815458263537918403206353600758464907001388990149354551727725555104917663831296904790016.000000
-32750084277540917262646435856203198594869708359990930873952501211961078698383428789253009825950751175421957269165620850328988405597838407245286155137866615280423703272400815295384226525068687705275470186604467845850549380709286690604630297640698526291300953562166752203482167709657754062253022739458686976.000000
49125793725801029776767750965894413416246471457074277740479130245041296858980104681933015657779627411689609909436013497146373521455648815340661858632368275209204727313280372987457973168210560388968201068364112090066611790553124961529492891961548462379455973544996350149691454387008945082979584382683054080.000000
-63957374166138158247914474612674594153960573800357736179457440977039916803091745755426344532003381281205625875668094418865068169316850926825752685795968116906473065880155608655721853341370753628410656064098283711041962675587373886807984294327039222725301351373663316535044180166392268288340264234178838528.000000
76464600068888421065094888429438577349419692014088117744980043033925376455881433144463943108425666452359804814227455492921034204930344205155434592459263825274261854633376616515573035397991360224041126914552992927571902182268946709707955785685223978484017076358401241768265853720543257631370248255619203072.000000
-85949326510545422765433674258721865127471759050584620828934793196842487549657838947574239383064664991309862728349313381581561047509080415986764767081008528224394005141413352117180087393867078600251756198742495710739595570594002821287982334336219883399717145956668191994140736361591964968653158881947549696.000000
91868963624659776367122870750274276624776806710869851220505574387741865953308225224004391446848592168461127703847339771451624952046726548686170976689604780919183405670154131607232446567780173846423969470089550213997807356244292562186774204845409766488531457141767636380483234729785413448408386703613493248.000000
-93881137924733762956610772861356381273445254777607653636516135449112161363332571353798397089106040093616035123060862314241863386577267228004845039074870986736639892557205028410509618734129746047411455663696279923880898812967213598086056042057675658324076491936957417114689912079856123296508850444655656960.000000
91868963624659795857750893550272437331541582461246472972959289577756919689121139649901772979700797099691259467867858222061457414864062915604510707095792874075157998295460970669787846480726233588003280450196846919596994314681050309557970055635159657981258688079698862035960840938340507612065566687441715200.000000
-85949326510545422765433674258721865127471759050584620828934793196842487549657838947574239383064664991309862728349313381581561047509080415986764767081008528224394005141413352117180087393867078600251756198742495710739595570594002821287982334336219883399717145956668191994140736361591964968653158881947549696.000000
76464600068888421065094888429438577349419692014088117744980043033925376455881433144463943108425666452359804814227455492921034204930344205155434592459263825274261854633376616515573035397991360224041126914552992927571902182268946709707955785685223978484017076358401241768265853720543257631370248255619203072.000000
-63957374166138158247914474612674594153960573800357736179457440977039916803091745755426344532003381281205625875668094418865068169316850926825752685795968116906473065880155608655721853341370753628410656064098283711041962675587373886807984294327039222725301351373663316535044180166392268288340264234178838528.000000
49125793725801029776767750965894413416246471457074277740479130245041296858980104681933015657779627411689609909436013497146373521455648815340661858632368275209204727313280372987457973168210560388968201068364112090066611790553124961529492891961548462379455973544996350149691454387008945082979584382683054080.000000
-32750084277540912389989430156203658418178514422396775435839072414457315264430200182778664442737699942614424328160491237676530289893504315515701222536319591991430055116074105529745376546832172769880642441577643669450752641100097253761831334943261053418119145827683945789612766157518980521338727743501631488.000000
15563164169002830545568314508227119996190614202638016441275436012986749088666379063158414655807745591921091539219283633864200305229833595524818779513608938480374403103087801284391937564013483466032862762957381195222784445653668819497003725004882022028316097521748746147617026949485718147206683798926262272.000000
-7395769835725463126494134907331560796734311158384015639466444481233167678497253253514147788194388315314344581888775521057190242037140523604313024809870846803395465627721102882067309014915312599997417443666150354417269334755580797769903378054750350013693380014732350733898713933978640460101232481412317184.000000
15563164169002830545568314508227119996190614202638016441275436012986749088666379063158414655807745591921091539219283633864200305229833595524818779513608938480374403103087801284391937564013483466032862762957381195222784445653668819497003725004882022028316097521748746147617026949485718147206683798926262272.000000
-23345063958780548250094577273931402385310325749849200153450823303873802640718496280720823614350684192222608294758174233306582001300820163651979026689066918580481529111711566601256146961259062824452513191149126090988419491535552044303954795104800864007833960347487519927902991738122037827666985450658070528.000000
30393177660566580858446675309502658583919821407330885231095009920150897268549891523793808304835285933829267885243177346232234298948594322381891431618617220862678973681539002333895754437325876815247541099220069655957465895006064874265616299852583322671336434049873174396970253224007650400976558686489018368.000000
-36336736369908863898826694677516013684620177854307165792014995527255901900638868314368465107587063062995155706202470362704547821107680948312060525740494652896817270929548977353277760675396137609846961225851203684923227094006467754136373751003455706435089721671945072170110709103960851602040708838079856640.000000
40843972258469856206688920088156081225240642102384955478183846310970824376829197647606711257776196706039421852140326918512436728250663247017823089020570404277850705970902052030931027530834590448626950474347794348172861369122645433749999995006098632952578834874597047015280959527877257495857448245696397312.000000
-43657041657983233088567008155996805064700088373608136253305707127844262738814966217438929362952527905840108321306726293493752050642791333581420740581631648688597022333937148858636535921266367155171900269362718640356668050784978102108691616970011681921250735789408540379506519167052342639164325165136871424.000000
44613246550228503316966428037582953413044782098759734231896107401556976744814987748983006265169909779290008549760713783871242434515958176828453765279790020999291505990482620369772566925856430486789583296723889341617959295283540714700771058962589256536460339488523666371493570872340397244011539192577261568.000000
-43657041657983233088567008155996805064700088373608136253305707127844262738814966217438929362952527905840108321306726293493752050642791333581420740581631648688597022333937148858636535921266367155171900269362718640356668050784978102108691616970011681921250735789408540379506519167052342639164325165136871424.000000
40843972258469851334031914388156541048549448164790800040070417513467060942875969041132365874563145473231888911135197305859978612546329155288238156419023380988857057814575342265292177552598075513232122729320970171773064629513455996907201032308661160079397027140114240601411557975738483954943153249739341824.000000
-36336736369908863898826694677516013684620177854307165792014995527255901900638868314368465107587063062995155706202470362704547821107680948312060525740494652896817270929548977353277760675396137609846961225851203684923227094006467754136373751003455706435089721671945072170110709103960851602040708838079856640.000000
30393177660566580858446675309502658583919821407330885231095009920150897268549891523793808304835285933829267885243177346232234298948594322381891431618617220862678973681539002333895754437325876815247541099220069655957465895006064874265616299852583322671336434049873174396970253224007650400976558686489018368.000000
-23345063958780548250094577273931402385310325749849200153450823303873802640718496280720823614350684192222608294758174233306582001300820163651979026689066918580481529111711566601256146961259062824452513191149126090988419491535552044303954795104800864007833960347487519927902991738122037827666985450658070528.000000
15563164169002830545568314508227119996190614202638016441275436012986749088666379063158414655807745591921091539219283633864200305229833595524818779513608938480374403103087801284391937564013483466032862762957381195222784445653668819497003725004882022028316097521748746147617026949485718147206683798926262272.000000
-7395769835725463126494134907331560796734311158384015639466444481233167678497253253514147788194388315314344581888775521057190242037140523604313024809870846803395465627721102882067309014915312599997417443666150354417269334755580797769903378054750350013693380014732350733898713933978640460101232481412317184.000000
