1.923880
1.815493
1.653282
1.461940
1.270599
1.108387
1.000000
0.961940
0.999999
1.108385
1.270596
1.461938
1.653280
1.815492
1.923879
1.815493
1.707107
1.544896
1.353554
1.162212
1.000001
0.891614
0.853553
0.891613
0.999999
1.162210
1.353552
1.544894
1.707106
1.815493
1.653282
1.544896
1.382684
1.191342
1.000000
0.837789
0.729402
0.691342
0.729401
0.837787
0.999999
1.191341
1.382683
1.544895
1.653282
1.461940
1.353554
1.191342
1.000000
0.808659
0.646447
0.538060
0.500000
0.538060
0.646446
0.808658
0.999999
1.191341
1.353554
1.461940
1.270599
1.162212
1.000000
0.808659
0.617317
0.455105
0.346718
0.308658
0.346718
0.455104
0.617316
0.808658
1.000000
1.162212
1.270599
1.108387
1.000001
0.837789
0.646447
0.455105
0.292893
0.184507
0.146446
0.184506
0.292893
0.455105
0.646446
0.837788
1.000000
1.108387
1.000000
0.891614
0.729402
0.538060
0.346718
0.184507
0.076120
0.038060
0.076120
0.184506
0.346718
0.538060
0.729402
0.891614
1.000000
0.961940
0.853553
0.691342
0.500000
0.308658
0.146446
0.038060
-0.000000
0.038060
0.146446
0.308658
0.500000
0.691341
0.853553
0.961940
0.999999
0.891613
0.729401
0.538060
0.346718
0.184506
0.076120
0.038060
0.076120
0.184506
0.346718
0.538060
0.729401
0.891613
0.999999
1.108385
0.999999
0.837787
0.646446
0.455104
0.292893
0.184506
0.146446
0.184506
0.292892
0.455104
0.646446
0.837787
0.999999
1.108385
1.270596
1.162210
0.999999
0.808658
0.617316
0.455105
0.346718
0.308658
0.346718
0.455104
0.617315
0.808657
0.999999
1.162210
1.270596
1.461938
1.353552
1.191341
0.999999
0.808658
0.646446
0.538060
0.500000
0.538060
0.646446
0.808657
0.999998
1.191340
1.353552
1.461938
1.653280
1.544894
1.382683
1.191341
1.000000
0.837788
0.729402
0.691341
0.729401
0.837787
0.999999
1.191340
1.382682
1.544893
1.653280
1.815492
1.707106
1.544895
1.353554
1.162212
1.000000
0.891614
0.853553
0.891613
0.999999
1.162210
1.353552
1.544893
1.707105
1.815492
1.923879
1.815493
1.653282
1.461940
1.270599
1.108387
1.000000
0.961940
0.999999
1.108385
1.270596
1.461938
1.653280
1.815492
1.923878
