277537769436289101335435290225285383621791327265685798540903564038496236274785312456565425345814009242131273108388275223227915370231626399047265483082514392613202707881245496624895981347451141579983424828679048671838511926976746089789254859206805548613856079079332568939525382469008499835571923705667780608.000000
-594540790840032336392219004276125160503765615890017493827118636117496855311859144683182962265788128810589939773865460537357212109650130000559997960951133167958902472932308569128159154334566743768069278090400527526993685548047663066100513061826692229820518121892932889011648754589226937978145259866692780032.000000
829259052332426144139985421013395798491511215303528114532873262091487721943042020562176809649237865873769568122280610116278470386292697471834690847785049997280509212185078032323200358896848312292340011714437333899272973519837175774510830960721034791230700322364892701384282139246289969518693308074274324480.000000
-inf
-581836690981220492270337700011239617959234472013497321248139838027911260310214162206299167190787524384679803383466880453061811140954373388488664219786868203537022250539380517101156479595359151983201338678456331845076081840522964176717655280289909147701405520522959191974869863841047805448333768503710449664.000000
417150280630341309944085623042727461767293802423061743456970102748498905220251600586549751867151312033102312725089127914466755455676838128597183936177199354949330091070435799382803622143520255700424101789047064226067541031992608217940197264648548856494341734747546728847429969539436394741094625220208099328.000000
-194730050804903356452527152074893361634691579130852126125636236908167922801183354895287511416370552031110172847494495945475955581622981636836883212895870154202086476701951501436657749259014104565287536307652789464908314836206945634011795599596378190449320853862155673243843696538917321304516727445817131008.000000
417150280630341309944085623042727461767293802423061743456970102748498905220251600586549751867151312033102312725089127914466755455676838128597183936177199354949330091070435799382803622143520255700424101789047064226067541031992608217940197264648548856494341734747546728847429969539436394741094625220208099328.000000
-893618424407503624228734758324367142283812242603712997705282729338480701974422046701107125295140405525936470228112389571110170657304285597895376183475902675212861117293750736321961552048989471599948336163303355176642149435340877413556607115240397022369842089645005902156191618790076424297819402956800262144.000000
1246409282624758659853666058357598491323988610155322467682737438093405220568553305447227877072847477530284966624182648377077409059117431211154979286257838602567842284375710220340688244278608698069420733103233649277590030132332582635979481855213888635617075471512867586265703814552256348163242822534659309568.000000
-1376093077707852440506418520044101548164904073876416774739599175976372074499963412881769123665745375064494520839486288970375965733480213370001814453954059059088567550933748438527240533713364361651245176514035435574939687751271119972399060963377880005031203159760392105337888576259707607136714698165336408064.000000
1246409282624758659853666058357598491323988610155322467682737438093405220568553305447227877072847477530284966624182648377077409059117431211154979286257838602567842284375710220340688244278608698069420733103233649277590030132332582635979481855213888635617075471512867586265703814552256348163242822534659309568.000000
-893618424407503780153758940724352427937930448606725971724912450858601131860925362108286177557958044975777524340276537175988830359842976533242094026725407420460657858296205448822404751352557949532582824004161728821435645102834939392526173921558396154311659937148455707400012468458517177607076842827426037760.000000
417150280630341231981573531842734818940234699421555256447155241988438690276999942882960225735742492308181785669007054112027425604407492660923825014552446982325431720569208443132582022491736016734106857868617877403670793198245577228455413861489549290523432810995821826225519544705216018086465905284895211520.000000
-581836690981220492270337700011239617959234472013497321248139838027911260310214162206299167190787524384679803383466880453061811140954373388488664219786868203537022250539380517101156479595359151983201338678456331845076081840522964176717655280289909147701405520522959191974869863841047805448333768503710449664.000000
1246409282624758815778690240757583776978106816158335441702367159613525650455056620854406929335665116980126020736346795981956068761656122146501697129507343347815639025378164932841131443582177176002055220944092022922383525799826644614949048661531887767558893319016317391509524664220697101472500262405285085184.000000
-1738478122535703423516473637817893877688917775252590212182148559441729069597941064809529561893083811984537359620266748161246781813173479781422870882274718869871068143808871920616785058432189452952280252661806918223215192665564218861067224285794347761692796023758213089630994969933414210611590145560562106368.000000
1919359694547689726808253683358326820570812262219521329801554339414103035026489641946283908682670803625999096673367349663425483553076563363022002765657453818392346300096570404320864936549463000692012962051098515815058691265991720162629591818370227952572171551804961014466513625603077180928043031176541110272.000000
-1738478122535703423516473637817893877688917775252590212182148559441729069597941064809529561893083811984537359620266748161246781813173479781422870882274718869871068143808871920616785058432189452952280252661806918223215192665564218861067224285794347761692796023758213089630994969933414210611590145560562106368.000000
1246409282624758815778690240757583776978106816158335441702367159613525650455056620854406929335665116980126020736346795981956068761656122146501697129507343347815639025378164932841131443582177176002055220944092022922383525799826644614949048661531887767558893319016317391509524664220697101472500262405285085184.000000
-581836690981220570232849791211232260786293575015003808257954698787971475253465819909888693322196344109600330439548954255501140992223718856162023141411620576160920621040607873351378079247143390949518582598885518667472829674269995166202438683448908713672314444274684094596780288675268182102962488439023337472.000000
642374415009188270981257669351424541688513347656641203051019291734972680904956362114036704816101128827923954361009567795535761822556284405039086795205573902788611064709335723756686662884902227188898344524959064011254098060471705080046690014605986829066945918560991456688191461522789844033132275234276114432.000000
-1376093077707852752356466884844072119473140485882442722778858619016612934272970043696127228191380653964176629063814584180133285138557595240695250140453068549584161032938657863528126932320501317516514152195752182864526679086259243930338194576013878268914838854767291715825530275596589113755229577906587959296.000000
1919359694547688791258108588958415106646103026201443485683776010293380455707469749503209595105764966926952772000382464034153525337844417750941695706160425346905565854081842129318205740728052133096206035005948273946297717261027348288812190980462233160921264466784262183003588527592432661072498391952786456576.000000
-2119061232291777066075669775897746241561906591914477400156377830858259235668551506355927145752624593482241912592750191407952406875971830435787184898789911135965449930880588277573880694558512799096034812326466994464672380112401650644530381980987162904821317618008068731011500464706046551565879003087584100352.000000
1919359694547689103108156953758385677954339438207469433723035453333621315480476380317567699631400245826634880224710759243910844742921799621635131392659434837401159336086751554319092139335189088961475010687665021235884708596015472246751324593098231424804900161791161793491230226929314167691013271694038007808.000000
-1376093077707852908281491067244057405127258691885455696798488340536733364159473359103306280454198293414017683175978731785011944841096286176041967983702573294831957773941112576028570131624069795449148640036610556509320174753753305909307761382331877400856656702270741521069351125265029867064487017777213734912.000000
642374415009188348943769760551417184515572450658147690060834152495032895848208019817626230947509948552844481417091641597975091673825629872712445716830326275412509435210563080006908262536686466155215588445388250833650845894218736069531473417764986395037854842312716359310101886357010220687760995169589002240.000000
-581836690981220492270337700011239617959234472013497321248139838027911260310214162206299167190787524384679803383466880453061811140954373388488664219786868203537022250539380517101156479595359151983201338678456331845076081840522964176717655280289909147701405520522959191974869863841047805448333768503710449664.000000
1246409282624758503928641875957613205669870404152309493663107716573284790682049990040048824810029838080443912512018500772198749356578740275808261443008333857320045543373255507840245044975040220136786245262375275632796534464838520657009915048895889503675257624009417781021882964883815594853985382664033533952.000000
-1738478122535703423516473637817893877688917775252590212182148559441729069597941064809529561893083811984537359620266748161246781813173479781422870882274718869871068143808871920616785058432189452952280252661806918223215192665564218861067224285794347761692796023758213089630994969933414210611590145560562106368.000000
1919359694547689103108156953758385677954339438207469433723035453333621315480476380317567699631400245826634880224710759243910844742921799621635131392659434837401159336086751554319092139335189088961475010687665021235884708596015472246751324593098231424804900161791161793491230226929314167691013271694038007808.000000
-1738478122535703423516473637817893877688917775252590212182148559441729069597941064809529561893083811984537359620266748161246781813173479781422870882274718869871068143808871920616785058432189452952280252661806918223215192665564218861067224285794347761692796023758213089630994969933414210611590145560562106368.000000
1246409282624758503928641875957613205669870404152309493663107716573284790682049990040048824810029838080443912512018500772198749356578740275808261443008333857320045543373255507840245044975040220136786245262375275632796534464838520657009915048895889503675257624009417781021882964883815594853985382664033533952.000000
-581836690981220492270337700011239617959234472013497321248139838027911260310214162206299167190787524384679803383466880453061811140954373388488664219786868203537022250539380517101156479595359151983201338678456331845076081840522964176717655280289909147701405520522959191974869863841047805448333768503710449664.000000
417150280630341309944085623042727461767293802423061743456970102748498905220251600586549751867151312033102312725089127914466755455676838128597183936177199354949330091070435799382803622143520255700424101789047064226067541031992608217940197264648548856494341734747546728847429969539436394741094625220208099328.000000
-893618424407503780153758940724352427937930448606725971724912450858601131860925362108286177557958044975777524340276537175988830359842976533242094026725407420460657858296205448822404751352557949532582824004161728821435645102834939392526173921558396154311659937148455707400012468458517177607076842827426037760.000000
1246409282624758503928641875957613205669870404152309493663107716573284790682049990040048824810029838080443912512018500772198749356578740275808261443008333857320045543373255507840245044975040220136786245262375275632796534464838520657009915048895889503675257624009417781021882964883815594853985382664033533952.000000
-1376093077707852752356466884844072119473140485882442722778858619016612934272970043696127228191380653964176629063814584180133285138557595240695250140453068549584161032938657863528126932320501317516514152195752182864526679086259243930338194576013878268914838854767291715825530275596589113755229577906587959296.000000
1246409282624758659853666058357598491323988610155322467682737438093405220568553305447227877072847477530284966624182648377077409059117431211154979286257838602567842284375710220340688244278608698069420733103233649277590030132332582635979481855213888635617075471512867586265703814552256348163242822534659309568.000000
-893618424407503780153758940724352427937930448606725971724912450858601131860925362108286177557958044975777524340276537175988830359842976533242094026725407420460657858296205448822404751352557949532582824004161728821435645102834939392526173921558396154311659937148455707400012468458517177607076842827426037760.000000
417150280630341387906597714242720104594352905424568230466784963508559120163503258290139277998560131758022839781171201716906085306946183596270542857801951727573228461571663155633025221795304494666741345709476251048464288865739639207424980667807548422465250658499271631469340394373656771395723345155520987136.000000
-194730050804903356452527152074893361634691579130852126125636236908167922801183354895287511416370552031110172847494495945475955581622981636836883212895870154202086476701951501436657749259014104565287536307652789464908314836206945634011795599596378190449320853862155673243843696538917321304516727445817131008.000000
417150280630341309944085623042727461767293802423061743456970102748498905220251600586549751867151312033102312725089127914466755455676838128597183936177199354949330091070435799382803622143520255700424101789047064226067541031992608217940197264648548856494341734747546728847429969539436394741094625220208099328.000000
-581836690981220492270337700011239617959234472013497321248139838027911260310214162206299167190787524384679803383466880453061811140954373388488664219786868203537022250539380517101156479595359151983201338678456331845076081840522964176717655280289909147701405520522959191974869863841047805448333768503710449664.000000
642374415009188348943769760551417184515572450658147690060834152495032895848208019817626230947509948552844481417091641597975091673825629872712445716830326275412509435210563080006908262536686466155215588445388250833650845894218736069531473417764986395037854842312716359310101886357010220687760995169589002240.000000
-581836690981220570232849791211232260786293575015003808257954698787971475253465819909888693322196344109600330439548954255501140992223718856162023141411620576160920621040607873351378079247143390949518582598885518667472829674269995166202438683448908713672314444274684094596780288675268182102962488439023337472.000000
417150280630341387906597714242720104594352905424568230466784963508559120163503258290139277998560131758022839781171201716906085306946183596270542857801951727573228461571663155633025221795304494666741345709476251048464288865739639207424980667807548422465250658499271631469340394373656771395723345155520987136.000000
-194730050804903356452527152074893361634691579130852126125636236908167922801183354895287511416370552031110172847494495945475955581622981636836883212895870154202086476701951501436657749259014104565287536307652789464908314836206945634011795599596378190449320853862155673243843696538917321304516727445817131008.000000
